Matrix A1:
              51.000000000000               5.000000000000              -1.000000000000              -2.000000000000
               5.000000000000             -51.000000000000              -2.000000000000              -4.000000000000
              -1.000000000000              -2.000000000000              44.000000000000              -6.000000000000
              -2.000000000000              -4.000000000000              -6.000000000000              46.000000000000

Matrix A2:
        10368594.000000000000         6890059.000000000000       104894775.000000000000       950284991.000000000000      -120075689.000000000000      -114529765.000000000000      -946805863.000000000000       -17869357.000000000000
         6890059.000000000000        50876535.000000000000       507471708.000000000000      5051734785.000000000000      -251290698.000000000000      -502505792.000000000000     -5075989990.000000000000         5108604.000000000000
       104894775.000000000000       507471708.000000000000      7215273350.000000000000     71479469244.000000000000     -4280089358.000000000000     -6630290902.000000000000    -72614095514.000000000000       585833214.000000000000
       950284991.000000000000      5051734785.000000000000     71479469244.000000000000    709044302895.000000000000    -41708101326.000000000000    -65552491420.000000000000   -720404335614.000000000000      6017300176.000000000000
      -120075689.000000000000      -251290698.000000000000     -4280089358.000000000000    -41708101326.000000000000      7749930002.000000000000      3583046390.000000000000     43284158174.000000000000      -690628390.000000000000
      -114529765.000000000000      -502505792.000000000000     -6630290902.000000000000    -65552491420.000000000000      3583046390.000000000000      6249921575.000000000000     66348063359.000000000000      -359847133.000000000000
      -946805863.000000000000     -5075989990.000000000000    -72614095514.000000000000   -720404335614.000000000000     43284158174.000000000000     66348063359.000000000000    732359558876.000000000000     -6384924607.000000000000
       -17869357.000000000000         5108604.000000000000       585833214.000000000000      6017300176.000000000000      -690628390.000000000000      -359847133.000000000000     -6384924607.000000000000       255507588.000000000000

=============== [Condition Numbers Stats] ===============
A1 condition number is 1.72336
A2 condition number is 5.77524e+16

================ [Inverse Matrix Stats] =================
A1 inversion time is 0 mcs
A2 inversion time is 0 mcs

===================== [Gauss Method] ====================
A1 solution difference norm is 5.77316e-15
A1 solution time is 0 mcs
A2 solution difference norm is 1.43107
A2 solution time is 0 mcs

============= [LUP-decomposition & solution] ============
___-------== ( A1 ) ==-------___
LUP-decomposition time is 0 mcs
LUP-decomposition:
L matrix:
               1.000000000000               0.000000000000               0.000000000000               0.000000000000
             -25.500000000000               1.000000000000               0.000000000000               0.000000000000
              -2.500000000000               0.628865979381               1.000000000000               0.000000000000
               0.500000000000               0.000000000000               0.588637830859               1.000000000000

U matrix:
              -2.000000000000              -4.000000000000              -6.000000000000              46.000000000000
               0.000000000000             -97.000000000000            -154.000000000000            1171.000000000000
               0.000000000000               0.000000000000              79.845360824742            -625.402061855670
               0.000000000000               0.000000000000               0.000000000000             339.135313105229

P matrix:
               0.000000000000               1.000000000000               0.000000000000               0.000000000000
               0.000000000000               0.000000000000               1.000000000000               0.000000000000
               0.000000000000               0.000000000000               0.000000000000               1.000000000000
               1.000000000000               0.000000000000               0.000000000000               0.000000000000

LUP solution time is 0 mcs
Solution difference norm is 5.77316e-15

___-------== ( A2 ) ==-------___
LUP-decomposition time is 0 mcs
LUP-decomposition:
L matrix:
               1.000000000000               0.000000000000               0.000000000000               0.000000000000               0.000000000000               0.000000000000               0.000000000000               0.000000000000
              -0.580244381485               1.000000000000               0.000000000000               0.000000000000               0.000000000000               0.000000000000               0.000000000000               0.000000000000
              -0.385579570658               5.362767553803               1.000000000000               0.000000000000               0.000000000000               0.000000000000               0.000000000000               0.000000000000
              -5.870092303825              54.540637766837               8.235902513155               1.000000000000               0.000000000000               0.000000000000               0.000000000000               0.000000000000
             -53.179585085238             540.211829527447              83.325786868221              10.076398936357               1.000000000000               0.000000000000               0.000000000000               0.000000000000
               6.719642402354             -28.984174902448              -2.830368696310               4.040828941434              16.295844085472               1.000000000000               0.000000000000               0.000000000000
               6.409282941742             -54.316227605669              -8.338367652125              -0.969450843392               0.151771345686               0.015770865539               1.000000000000               0.000000000000
              52.984887089110            -542.572278804023             -83.343589602298              -9.774308437621               0.481248228361               0.095445115324              -5.655350088938               1.000000000000

U matrix:
       -17869357.000000000000         5108604.000000000000       585833214.000000000000      6017300176.000000000000      -690628390.000000000000      -359847133.000000000000     -6384924607.000000000000       255507588.000000000000
               0.000000000000         9854297.768231894821       444821205.910810947418      4441789609.832818031311      -520808931.991544723511      -323329042.116742491722     -4651622492.417195320129       130387485.363789141178
               0.000000000000               0.000000000000     -1652115703.170343637466    -16448402397.044685363770      2275394346.114199638367      1092683001.220976352692     17407683696.220569610596      -595610665.849859476089
               0.000000000000               0.000000000000               0.000000000000        10977189.747650146484      1331183536.962463378906      -107285298.226215362549       240279175.042144775391      -120338888.932992935181
               0.000000000000               0.000000000000               0.000000000000               0.000000000000      -100847270.309133529663         9539324.856350183487       -20570479.572699069977        10535727.605535984039
               0.000000000000               0.000000000000               0.000000000000               0.000000000000               0.000000000000          430884.688392609358         -422308.960825383663          408175.410441994667
               0.000000000000               0.000000000000               0.000000000000               0.000000000000               0.000000000000               0.000000000000            -157.396887707494             -31.891768617650
               0.000000000000               0.000000000000               0.000000000000               0.000000000000               0.000000000000               0.000000000000               0.000000000000              -0.000580449457

P matrix:
               0.000000000000               1.000000000000               0.000000000000               0.000000000000               0.000000000000               0.000000000000               0.000000000000               0.000000000000
               0.000000000000               0.000000000000               1.000000000000               0.000000000000               0.000000000000               0.000000000000               0.000000000000               0.000000000000
               0.000000000000               0.000000000000               0.000000000000               1.000000000000               0.000000000000               0.000000000000               0.000000000000               0.000000000000
               0.000000000000               0.000000000000               0.000000000000               0.000000000000               1.000000000000               0.000000000000               0.000000000000               0.000000000000
               0.000000000000               0.000000000000               0.000000000000               0.000000000000               0.000000000000               1.000000000000               0.000000000000               0.000000000000
               0.000000000000               0.000000000000               0.000000000000               0.000000000000               0.000000000000               0.000000000000               1.000000000000               0.000000000000
               0.000000000000               0.000000000000               0.000000000000               0.000000000000               0.000000000000               0.000000000000               0.000000000000               1.000000000000
               1.000000000000               0.000000000000               0.000000000000               0.000000000000               0.000000000000               0.000000000000               0.000000000000               0.000000000000

LUP solution time is 0 mcs
Solution difference norm is 1.43107

================= [LDLT-decomposition] ==================
___-------== ( A1 ) ==-------___
L matrix:
               1.000000000000               0.000000000000               0.000000000000               0.000000000000
               0.098039215686               1.000000000000               0.000000000000               0.000000000000
              -0.019607843137               0.036938309216               1.000000000000               0.000000000000
              -0.039215686275               0.073876618431              -0.133907345453               1.000000000000

D matrix:
              51.000000000000               0.000000000000               0.000000000000               0.000000000000
               0.000000000000             -51.490196078431               0.000000000000               0.000000000000
               0.000000000000               0.000000000000              44.050647372430               0.000000000000
               0.000000000000               0.000000000000               0.000000000000              45.412709527391

L^T matrix:
               1.000000000000               0.098039215686              -0.019607843137              -0.039215686275
               0.000000000000               1.000000000000               0.036938309216               0.073876618431
               0.000000000000               0.000000000000               1.000000000000              -0.133907345453
               0.000000000000               0.000000000000               0.000000000000               1.000000000000


___-------== ( A2 ) ==-------___
L matrix:
               1.000000000000               0.000000000000               0.000000000000               0.000000000000               0.000000000000               0.000000000000               0.000000000000               0.000000000000
               0.664512372651               1.000000000000               0.000000000000               0.000000000000               0.000000000000               0.000000000000               0.000000000000               0.000000000000
              10.116586202527               9.455436082428               1.000000000000               0.000000000000               0.000000000000               0.000000000000               0.000000000000               0.000000000000
              91.650323177858              95.474061977129               9.961410997605               1.000000000000               0.000000000000               0.000000000000               0.000000000000               0.000000000000
             -11.580710846620              -3.704239847518              -0.716561784953              41.372954233053               1.000000000000               0.000000000000               0.000000000000               0.000000000000
             -11.045833697414              -9.209885849081              -0.714632396282              -2.216045003726              -0.094421420013               1.000000000000               0.000000000000               0.000000000000
             -91.314778358570             -96.047890769290             -10.417344374178               5.592203353705               0.203809573576              -0.983412389083               1.000000000000               0.000000000000
              -1.723411775984               0.366819533962               0.300786746018              -2.615811269807              -0.104310714230               0.946624472690               0.202619298263               1.000000000000

D matrix:
        10368594.000000000000               0.000000000000               0.000000000000               0.000000000000               0.000000000000               0.000000000000               0.000000000000               0.000000000000
               0.000000000000        46298005.546201251447               0.000000000000               0.000000000000               0.000000000000               0.000000000000               0.000000000000               0.000000000000
               0.000000000000               0.000000000000      2014810560.339996814728               0.000000000000               0.000000000000               0.000000000000               0.000000000000               0.000000000000
               0.000000000000               0.000000000000               0.000000000000         1262244.422119140625               0.000000000000               0.000000000000               0.000000000000               0.000000000000
               0.000000000000               0.000000000000               0.000000000000               0.000000000000      2528958104.336418628693               0.000000000000               0.000000000000               0.000000000000
               0.000000000000               0.000000000000               0.000000000000               0.000000000000               0.000000000000           47480.167875014246               0.000000000000               0.000000000000
               0.000000000000               0.000000000000               0.000000000000               0.000000000000               0.000000000000               0.000000000000             735.348380938798               0.000000000000
               0.000000000000               0.000000000000               0.000000000000               0.000000000000               0.000000000000               0.000000000000               0.000000000000               0.000110260678

L^T matrix:
               1.000000000000               0.664512372651              10.116586202527              91.650323177858             -11.580710846620             -11.045833697414             -91.314778358570              -1.723411775984
               0.000000000000               1.000000000000               9.455436082428              95.474061977129              -3.704239847518              -9.209885849081             -96.047890769290               0.366819533962
               0.000000000000               0.000000000000               1.000000000000               9.961410997605              -0.716561784953              -0.714632396282             -10.417344374178               0.300786746018
               0.000000000000               0.000000000000               0.000000000000               1.000000000000              41.372954233053              -2.216045003726               5.592203353705              -2.615811269807
               0.000000000000               0.000000000000               0.000000000000               0.000000000000               1.000000000000              -0.094421420013               0.203809573576              -0.104310714230
               0.000000000000               0.000000000000               0.000000000000               0.000000000000               0.000000000000               1.000000000000              -0.983412389083               0.946624472690
               0.000000000000               0.000000000000               0.000000000000               0.000000000000               0.000000000000               0.000000000000               1.000000000000               0.202619298263
               0.000000000000               0.000000000000               0.000000000000               0.000000000000               0.000000000000               0.000000000000               0.000000000000               1.000000000000



================ [Solve by SQRT method] =================
A1 * x = b1 can't be solved by sqrt method: A1 == A1^T > 0 is not fit
A2 solution difference norm is 0.996042
A2 solution time is 0 mcs

============= [Solve by Relaxation method] ==============
A1 solution difference norm is 1.5099e-14
A1 solution time is 0 mcs
A1 solution iterations number is 20
A2 solution difference norm is 10.7223
A2 solution time is 10969 mcs
A2 solution iterations number is 4638

===== [Vector b Perturbation for Max Cond A Matrix] =====
Iteration 1: 
Perturbation for 1e-06
Practical error = 1.19362e-09
Theoretical error = 4.42681e-09
Practical error <= Theoretical error : True

Iteration 2: 
Perturbation for 2e-06
Practical error = 2.40133e-09
Theoretical error = 8.85361e-09
Practical error <= Theoretical error : True

Iteration 3: 
Perturbation for 3e-06
Practical error = 3.58098e-09
Theoretical error = 1.32804e-08
Practical error <= Theoretical error : True

Iteration 4: 
Perturbation for 4e-06
Practical error = 4.80287e-09
Theoretical error = 1.77072e-08
Practical error <= Theoretical error : True

Iteration 5: 
Perturbation for 5e-06
Practical error = 5.96814e-09
Theoretical error = 2.2134e-08
Practical error <= Theoretical error : True

Iteration 6: 
Perturbation for 6e-06
Practical error = 7.20414e-09
Theoretical error = 2.65608e-08
Practical error <= Theoretical error : True

Iteration 7: 
Perturbation for 7e-06
Practical error = 8.35515e-09
Theoretical error = 3.09876e-08
Practical error <= Theoretical error : True

Iteration 8: 
Perturbation for 8e-06
Practical error = 9.60567e-09
Theoretical error = 3.54144e-08
Practical error <= Theoretical error : True

Iteration 9: 
Perturbation for 9e-06
Practical error = 1.07426e-08
Theoretical error = 3.98412e-08
Practical error <= Theoretical error : True

Iteration 10: 
Perturbation for 1e-05
Practical error = 1.20071e-08
Theoretical error = 4.42681e-08
Practical error <= Theoretical error : True

========= [Relaxation method A2 VS Max Cond A] ==========
Diagrams for both matrices are in files A_plot.jpeg and A2_plot.jpeg
